10   -0.0389983    -0.0408356    -0.0392014     0.495002       0       2.30259
10.1   -0.0728916    -0.0796958    -0.0735901     0.49045       -3.90542       2.31254
10.2   -0.10254    -0.116764    -0.103895     0.486321       -3.76242       2.32239
10.3   -0.12863    -0.152203    -0.130711     0.482592       -3.63242       2.33214
10.4   -0.151715    -0.186154    -0.154531     0.479237       -3.51395       2.34181
10.5   -0.172243    -0.218746    -0.175762     0.476233       -3.40581       2.35138
10.6   -0.190579    -0.250091    -0.194745     0.473555       -3.30691       2.36085
10.7   -0.207025    -0.280292    -0.211767     0.471179       -3.21633       2.37024
10.8   -0.221829    -0.309439    -0.22707     0.469081       -3.13325       2.37955
10.9   -0.235199    -0.337613    -0.24086     0.46724       -3.05694       2.38876
11   -0.247308    -0.36489    -0.253313     0.465634       -2.98676       2.3979
11.1   -0.258303    -0.391335    -0.264578     0.464243       -2.95459       2.40695
11.2   -0.268308    -0.417008    -0.274787     0.463047       -2.89248       2.41591
11.3   -0.277429    -0.441964    -0.28405     0.462028       -2.83517       2.4248
11.4   -0.285757    -0.466253    -0.292467     0.46117       -2.78224       2.43361
11.5   -0.29337    -0.489918    -0.300121     0.460456       -2.73329       2.44235
11.6   -0.300336    -0.513001    -0.307087     0.459872       -2.68797       2.45101
11.7   -0.306715    -0.535539    -0.313431     0.459405       -2.64594       2.45959
11.8   -0.312559    -0.557565    -0.319209     0.459043       -2.60693       2.4681
11.9   -0.317913    -0.57911    -0.324474     0.458773       -2.57067       2.47654
12   -0.322819    -0.600203    -0.32927     0.458585       -2.53691       2.48491
12.1   -0.327313    -0.620869    -0.333637     0.458471       -2.50545       2.49321
12.2   -0.331426    -0.641131    -0.337612     0.45842       -2.49104       2.50144
12.3   -0.335189    -0.661012    -0.341226     0.458426       -2.46262       2.5096
12.4   -0.338628    -0.68053    -0.344509     0.458481       -2.43605       2.5177
12.5   -0.341765    -0.699705    -0.347486     0.458579       -2.41116       2.52573
12.6   -0.344623    -0.718552    -0.350181     0.458714       -2.38782       2.5337
12.7   -0.347222    -0.737089    -0.352615     0.45888       -2.36591       2.5416
12.8   -0.349579    -0.755327    -0.354807     0.459074       -2.34531       2.54945
12.9   -0.351711    -0.773282    -0.356775     0.459291       -2.32591       2.55723
13   -0.353632    -0.790965    -0.358535     0.459527       -2.30762       2.56495
13.1   -0.355357    -0.808388    -0.360102     0.459779       -2.29035       2.57261
13.2   -0.356899    -0.825561    -0.361489     0.460044       -2.28241       2.58022
13.3   -0.358269    -0.842494    -0.362708     0.46032       -2.26651       2.58776
13.4   -0.359478    -0.859196    -0.36377     0.460604       -2.25145       2.59525
13.5   -0.360537    -0.875676    -0.364686     0.460894       -2.23717       2.60269
13.6   -0.361455    -0.891942    -0.365466     0.461189       -2.22361       2.61007
13.7   -0.36224    -0.908001    -0.366118     0.461487       -2.21072       2.6174
13.8   -0.362901    -0.923861    -0.36665     0.461786       -2.19845       2.62467
13.9   -0.363446    -0.939528    -0.367071     0.462086       -2.18677       2.63189
14   -0.363881    -0.955008    -0.367387     0.462385       -2.17562       2.63906
14.1   -0.364213    -0.970307    -0.367604     0.462684       -2.16498       2.64617
14.2   -0.364449    -0.985431    -0.36773     0.46298       -2.15481       2.65324
14.3   -0.364593    -1.00039    -0.367769     0.463273       -2.14508       2.66026
14.4   -0.364652    -1.01517    -0.367726     0.463563       -2.14057       2.66723
14.5   -0.364631    -1.0298    -0.367608     0.463849       -2.13144       2.67415
14.6   -0.364534    -1.04428    -0.367418     0.464132       -2.12269       2.68102
14.7   -0.364366    -1.0586    -0.36716     0.46441       -2.11429       2.68785
14.8   -0.364131    -1.07277    -0.36684     0.464684       -2.10622       2.69463
14.9   -0.363834    -1.0868    -0.36646     0.464953       -2.09847       2.70136
15   -0.363476    -1.10069    -0.366024     0.465217       -2.09102       2.70805
15.1   -0.363064    -1.11445    -0.365535     0.465477       -2.08384       2.71469
15.2   -0.362598    -1.12807    -0.364997     0.465732       -2.07693       2.7213
15.3   -0.362083    -1.14156    -0.364413     0.465981       -2.07027       2.72785
15.4   -0.361522    -1.15492    -0.363785     0.466226       -2.06718       2.73437
15.5   -0.360917    -1.16816    -0.363116     0.466465       -2.06086       2.74084
15.6   -0.360271    -1.18128    -0.362409     0.4667       -2.05477       2.74727
15.7   -0.359586    -1.19428    -0.361665     0.46693       -2.04888       2.75366
15.8   -0.358865    -1.20717    -0.360887     0.467155       -2.0432       2.76001
15.9   -0.35811    -1.21994    -0.360077     0.467376       -2.0377       2.76632
16   -0.357322    -1.2326    -0.359237     0.467591       -2.03239       2.77259
16.1   -0.356504    -1.24516    -0.35837     0.467803       -2.02725       2.77882
16.2   -0.355658    -1.2576    -0.357475     0.468009       -2.02227       2.78501
16.3   -0.354786    -1.26995    -0.356556     0.468212       -2.01746       2.79117
16.4   -0.353888    -1.28219    -0.355613     0.46841       -2.01279       2.79728
16.5   -0.352967    -1.29433    -0.354649     0.468604       -2.01062       2.80336
16.6   -0.352023    -1.30637    -0.353664     0.468793       -2.00617       2.8094
16.7   -0.35106    -1.31832    -0.352661     0.468979       -2.00185       2.81541
16.8   -0.350077    -1.33018    -0.351639     0.469161       -1.99766       2.82138
16.9   -0.349076    -1.34194    -0.350601     0.469339       -1.9936       2.82731
17   -0.348058    -1.35361    -0.349548     0.469514       -1.98966       2.83321
17.1   -0.347024    -1.36519    -0.34848     0.469685       -1.98583       2.83908
17.2   -0.345976    -1.37668    -0.347398     0.469852       -1.98212       2.84491
17.3   -0.344915    -1.38809    -0.346304     0.470016       -1.97852       2.85071
17.4   -0.34384    -1.39942    -0.345199     0.470177       -1.97501       2.85647
17.5   -0.342754    -1.41066    -0.344082     0.470334       -1.97161       2.8622
17.6   -0.341657    -1.42182    -0.342956     0.470489       -1.9683       2.8679
17.7   -0.34055    -1.4329    -0.341821     0.47064       -1.96676       2.87356
17.8   -0.339433    -1.4439    -0.340677     0.470789       -1.96359       2.8792
17.9   -0.338309    -1.45483    -0.339526     0.470935       -1.96051       2.8848
18   -0.337176    -1.46568    -0.338368     0.471077       -1.95751       2.89037
18.1   -0.336036    -1.47645    -0.337203     0.471218       -1.95459       2.89591
18.2   -0.334889    -1.48715    -0.336032     0.471355       -1.95176       2.90142
18.3   -0.333737    -1.49778    -0.334857     0.47149       -1.94899       2.9069
18.4   -0.332579    -1.50834    -0.333676     0.471623       -1.94631       2.91235
18.5   -0.331416    -1.51882    -0.332492     0.471753       -1.94369       2.91777
18.6   -0.330249    -1.52924    -0.331304     0.471881       -1.94115       2.92316
18.7   -0.329078    -1.53959    -0.330112     0.472006       -1.93867       2.92852
18.8   -0.327904    -1.54988    -0.328918     0.472129       -1.93752       2.93386
18.9   -0.326726    -1.56009    -0.327721     0.472251       -1.93514       2.93916
19   -0.325547    -1.57025    -0.326523     0.47237       -1.93281       2.94444
19.1   -0.324365    -1.58033    -0.325323     0.472487       -1.93055       2.94969
19.2   -0.323181    -1.59036    -0.324121     0.472602       -1.92835       2.95491
19.3   -0.321996    -1.60032    -0.322919     0.472715       -1.92621       2.96011
19.4   -0.32081    -1.61022    -0.321716     0.472826       -1.92411       2.96527
19.5   -0.319623    -1.62007    -0.320513     0.472935       -1.92208       2.97041
19.6   -0.318436    -1.62985    -0.31931     0.473043       -1.92009       2.97553
19.7   -0.317249    -1.63957    -0.318108     0.473149       -1.91816       2.98062
19.8   -0.316062    -1.64924    -0.316906     0.473253       -1.91726       2.98568
