-5.79084655995255e-17      1.06666666666667      0.837758040957282
-1.63644280622934e-16      -0.266666666666668      0.837758040957282
5.71892863349154e-17      -0.100000000000001      0.837758040957282
5.71892863349154e-17      -0.100000000000001      0.837758040957282
0.500000000000002      -0.100000000000001      0.837758040957282
-0.500000000000003      -0.1      0.837758040957282
-0.808012701892219      0.00283121635129681      0.942477796076938
0.808012701892219      0.0028312163512968      0.942477796076938
-0.808012701892219      0.00283121635129681      0.942477796076938
0.808012701892219      0.0028312163512968      0.942477796076938
-0.0580127018922192      0.147168783648703      0.942477796076938
0.0580127018922194      0.147168783648703      0.942477796076938
-0.0580127018922192      0.147168783648703      0.942477796076938
0.0580127018922194      0.147168783648703      0.942477796076938
-2.5476651735886e-16      -0.266666666666668      0.837758040957282
-7.88261012823849e-17      1.06666666666667      0.837758040957282
3.46572013348878e-17      -0.100000000000001      0.837758040957282
3.46572013348877e-17      -0.1      0.837758040957282
0.500000000000002      -0.100000000000001      0.837758040957282
-0.500000000000003      -0.1      0.837758040957282
-0.0580127018922192      0.147168783648703      0.942477796076938
0.0580127018922194      0.147168783648703      0.942477796076938
-0.0580127018922195      0.147168783648703      0.942477796076938
0.0580127018922197      0.147168783648703      0.942477796076938
-0.808012701892219      0.00283121635129681      0.942477796076938
0.808012701892219      0.00283121635129678      0.942477796076938
-0.808012701892219      0.00283121635129657      0.942477796076938
0.808012701892219      0.00283121635129655      0.942477796076938
6.65272566312056e-17      -0.100000000000001      0.837758040957282
2.93897144159809e-17      -0.100000000000001      0.837758040957282
-7.04025251296468e-17      1.06666666666667      0.837758040957282
-2.05134915613514e-16      -0.266666666666668      0.837758040957282
0.500000000000002      -0.100000000000001      0.837758040957282
-0.500000000000002      -0.100000000000001      0.837758040957282
-0.808012701892219      0.00283121635129682      0.942477796076938
0.808012701892219      0.0028312163512968      0.942477796076938
-0.0580127018922192      0.147168783648703      0.942477796076938
0.0580127018922194      0.147168783648703      0.942477796076938
-0.808012701892219      0.00283121635129681      0.942477796076938
0.808012701892219      0.00283121635129676      0.942477796076938
-0.0580127018922195      0.147168783648703      0.942477796076938
0.0580127018922196      0.147168783648703      0.942477796076938
6.24567732538223e-17      -0.100000000000001      0.837758040957282
2.93897144159809e-17      -0.1      0.837758040957282
-2.05134915613514e-16      -0.266666666666668      0.837758040957282
-7.04025251296468e-17      1.06666666666667      0.837758040957282
0.500000000000002      -0.100000000000001      0.837758040957282
-0.500000000000003      -0.1      0.837758040957282
-0.0580127018922192      0.147168783648703      0.942477796076938
0.0580127018922194      0.147168783648703      0.942477796076938
-0.808012701892219      0.00283121635129682      0.942477796076938
0.808012701892219      0.0028312163512968      0.942477796076938
-0.0580127018922195      0.147168783648703      0.942477796076938
0.0580127018922196      0.147168783648703      0.942477796076938
-0.808012701892219      0.00283121635129681      0.942477796076938
0.808012701892219      0.00283121635129676      0.942477796076938
-8.71848824065047e-33      -0.100000000000001      0.837758040957282
1.13147933204577e-32      -0.100000000000001      0.837758040957282
-5.07094731573307e-17      -0.100000000000001      0.837758040957282
5.07094731573307e-17      -0.100000000000001      0.837758040957282
-2.53308303226694e-32      1.06666666666667      0.837758040957282
1.74109828776249e-32      -0.266666666666668      0.837758040957282
1.07183850246091e-16      0.00283121635129677      0.942477796076938
3.27829678609477e-17      0.147168783648703      0.942477796076938
-1.07183850246091e-16      0.00283121635129677      0.942477796076938
-3.27829678609477e-17      0.147168783648703      0.942477796076938
1.07183850246091e-16      0.00283121635129677      0.942477796076938
3.27829678609477e-17      0.147168783648703      0.942477796076938
-1.07183850246091e-16      0.00283121635129677      0.942477796076938
-3.27829678609477e-17      0.147168783648703      0.942477796076938
-3.3791386170908e-17      -0.1      0.837758040957282
4.96316514368789e-18      -0.1      0.837758040957282
0.599996697388588      -0.100000000000001      0.837758040957282
-0.599996697388589      -0.1      0.837758040957282
-2.44921270764477e-16      -0.266666666666668      0.837758040957282
1.22456590983316e-17      1.06666666666667      0.837758040957282
0.0907923767626778      0.147168783648703      0.942477796076938
-0.659207623237322      0.00283121635129687      0.942477796076938
-0.0907923767626774      0.147168783648703      0.942477796076938
0.659207623237322      0.00283121635129662      0.942477796076938
-0.076918260197526      0.147168783648703      0.942477796076938
-0.826918260197526      0.00283121635129687      0.942477796076938
0.0769182601975262      0.147168783648703      0.942477796076938
0.826918260197526      0.00283121635129662      0.942477796076938
0.631758922835765      0.00251663675670829      0.837758040957282
-0.248176287435472      0.130816696576626      0.837758040957282
0.431271741742293      0.0025166367567083      0.837758040957282
-0.212169611048671      0.130816696576626      0.837758040957282
-1.0962432233328      0.00251663675670825      0.837758040957282
-0.00758111542915569      0.130816696576626      0.837758040957282
-0.186138156113097      1.2      0.942477796076938
0.0495641042824187      -0.188888888888889      0.942477796076938
-0.140921046349563      -0.188888888888889      0.942477796076938
-0.258772176547321      0.0888888888888888      0.942477796076938
-0.0306814083885384      -0.188888888888889      0.942477796076938
-0.148532538586296      0.0888888888888889      0.942477796076938
0.231158452591978      0.0888888888888889      0.942477796076938
-0.240246068199053      -0.3      0.942477796076938
-0.613665241707379      0.00251663675670828      0.837758040957282
0.248176287435472      0.130816696576626      0.837758040957282
-0.431271741742293      0.00251663675670828      0.837758040957282
0.212169611048671      0.130816696576626      0.837758040957282
0.00758111542915554      0.130816696576626      0.837758040957282
1.0962432233328      0.00251663675670834      0.837758040957282
-0.0495641042824186      -0.188888888888889      0.942477796076938
0.186138156113097      1.2      0.942477796076938
0.258772176547321      0.0888888888888888      0.942477796076938
0.140921046349563      -0.188888888888889      0.942477796076938
0.148532538586296      0.0888888888888888      0.942477796076938
0.0306814083885384      -0.188888888888889      0.942477796076938
0.240246068199053      -0.3      0.942477796076938
-0.231158452591978      0.0888888888888889      0.942477796076938
0.613665241707379      0.00251663675670829      0.837758040957282
-0.248176287435472      0.130816696576626      0.837758040957282
-0.212169611048671      0.130816696576626      0.837758040957282
0.431271741742293      0.0025166367567083      0.837758040957282
-1.0962432233328      0.00251663675670825      0.837758040957282
-0.00758111542915534      0.130816696576626      0.837758040957282
-0.140921046349563      -0.188888888888889      0.942477796076938
-0.258772176547321      0.0888888888888888      0.942477796076938
-0.186138156113097      1.2      0.942477796076938
0.0495641042824187      -0.188888888888889      0.942477796076938
0.231158452591978      0.0888888888888889      0.942477796076938
-0.240246068199053      -0.3      0.942477796076938
-0.0306814083885384      -0.188888888888889      0.942477796076938
-0.148532538586296      0.0888888888888889      0.942477796076938
-0.613665241707379      0.00251663675670828      0.837758040957282
0.248176287435472      0.130816696576626      0.837758040957282
0.212169611048671      0.130816696576626      0.837758040957282
-0.431271741742293      0.00251663675670828      0.837758040957282
0.00758111542915554      0.130816696576626      0.837758040957282
1.0962432233328      0.00251663675670812      0.837758040957282
0.258772176547321      0.0888888888888888      0.942477796076938
0.140921046349563      -0.188888888888889      0.942477796076938
-0.0495641042824186      -0.188888888888889      0.942477796076938
0.186138156113097      1.2      0.942477796076938
0.240246068199053      -0.3      0.942477796076938
-0.231158452591978      0.0888888888888889      0.942477796076938
0.148532538586296      0.0888888888888888      0.942477796076938
0.0306814083885384      -0.188888888888889      0.942477796076938
-0.178448083173117      0.130816696576626      0.837758040957282
0.719580808226506      0.00251663675670829      0.837758040957282
0.938161670448364      0.00251663675670829      0.837758040957282
-0.214454759559918      0.130816696576626      0.837758040957282
-0.935227926152912      0.00251663675670825      0.837758040957282
0.153434181750728      0.130816696576626      0.837758040957282
-0.0282441567103408      -0.188888888888889      0.942477796076938
-0.146095286908099      0.0888888888888888      0.942477796076938
0.591005619568517      0.0888888888888889      0.942477796076938
0.119601098777485      -0.3      0.942477796076938
-0.0467702650586081      1.2      0.942477796076938
0.188931995336908      -0.188888888888889      0.942477796076938
0.081995481250684      -0.188888888888889      0.942477796076938
-0.0358556489470739      0.0888888888888889      0.942477796076938
0.142260720916346      0.130816696576626      0.837758040957282
-0.719580808226506      0.00251663675670826      0.837758040957282
-0.938161670448364      0.00251663675670824      0.837758040957282
0.214454759559919      0.130816696576626      0.837758040957282
-0.153434181750728      0.130816696576626      0.837758040957282
0.935227926152912      0.00251663675670834      0.837758040957282
0.146095286908099      0.0888888888888889      0.942477796076938
0.0282441567103408      -0.188888888888889      0.942477796076938
-0.119601098777485      -0.3      0.942477796076938
-0.591005619568517      0.0888888888888889      0.942477796076938
-0.188931995336908      -0.188888888888889      0.942477796076938
0.0467702650586081      1.2      0.942477796076938
0.0358556489470738      0.0888888888888889      0.942477796076938
-0.081995481250684      -0.188888888888889      0.942477796076938
-0.142260720916346      0.130816696576626      0.837758040957282
0.719580808226506      0.00251663675670808      0.837758040957282
-0.214454759559918      0.130816696576626      0.837758040957282
0.938161670448364      0.00251663675670829      0.837758040957282
-0.935227926152912      0.00251663675670825      0.837758040957282
0.153434181750728      0.130816696576626      0.837758040957282
0.591005619568517      0.0888888888888889      0.942477796076938
0.119601098777485      -0.3      0.942477796076938
-0.0282441567103408      -0.188888888888889      0.942477796076938
-0.146095286908099      0.0888888888888888      0.942477796076938
0.081995481250684      -0.188888888888889      0.942477796076938
-0.0358556489470739      0.0888888888888889      0.942477796076938
-0.0467702650586081      1.2      0.942477796076938
0.188931995336908      -0.188888888888889      0.942477796076938
0.142260720916346      0.130816696576626      0.837758040957282
-0.719580808226506      0.00251663675670805      0.837758040957282
0.214454759559919      0.130816696576626      0.837758040957282
-0.938161670448364      0.00251663675670824      0.837758040957282
-0.153434181750728      0.130816696576626      0.837758040957282
0.935227926152912      0.00251663675670812      0.837758040957282
-0.119601098777485      -0.3      0.942477796076938
-0.591005619568517      0.0888888888888889      0.942477796076938
0.146095286908099      0.0888888888888889      0.942477796076938
0.0282441567103408      -0.188888888888889      0.942477796076938
0.0358556489470738      0.0888888888888889      0.942477796076938
-0.081995481250684      -0.188888888888889      0.942477796076938
-0.188931995336908      -0.188888888888889      0.942477796076938
0.0467702650586081      1.2      0.942477796076938
