11.4   -0.285757    -0.466253    -0.292467     0.46117       -2.78224       2.43361
12.9   -0.351711    -0.773282    -0.356775     0.459291       -2.32591       2.55723
14.4   -0.364652    -1.01517    -0.367726     0.463563       -2.14057       2.66723
15.9   -0.35811    -1.21994    -0.360077     0.467376       -2.0377       2.76632
17.4   -0.34384    -1.39942    -0.345199     0.470177       -1.97501       2.85647
18.9   -0.326726    -1.56009    -0.327721     0.472251       -1.93514       2.93916
20.4   -0.308958    -1.70606    -0.309719     0.473844       -1.90674       3.01553
21.9   -0.291551    -1.84012    -0.292152     0.475111       -1.88697       3.08649
23.4   -0.274967    -1.9643    -0.275455     0.476145       -1.87345       3.15274
24.9   -0.259399    -2.08009    -0.259802     0.477008       -1.86343       3.21487
26.4   -0.244899    -2.18868    -0.245238     0.47774       -1.85635       3.27336
27.9   -0.231451    -2.29099    -0.23174     0.47837       -1.85156       3.32863
29.4   -0.219003    -2.38776    -0.219252     0.478917       -1.84814       3.38099
30.9   -0.207489    -2.4796    -0.207706     0.479398       -1.84599       3.43076
32.4   -0.196837    -2.56703    -0.197028     0.479825       -1.84465       3.47816
33.9   -0.186976    -2.65048    -0.187145     0.480205       -1.844       3.52342
35.4   -0.177838    -2.73031    -0.177989     0.480547       -1.84389       3.56671
36.9   -0.169359    -2.80685    -0.169495     0.480855       -1.84419       3.60821
38.4   -0.161482    -2.88037    -0.161604     0.481136       -1.8448       3.64806
39.9   -0.154153    -2.95111    -0.154264     0.481392       -1.84563       3.68638
41.4   -0.147324    -3.01928    -0.147425     0.481626       -1.84669       3.72328
42.9   -0.140952    -3.08508    -0.141044     0.481842       -1.84788       3.75887
44.4   -0.134997    -3.14865    -0.135082     0.482042       -1.84915       3.79324
45.9   -0.129424    -3.21017    -0.129503     0.482226       -1.85055       3.82647
47.4   -0.124202    -3.26976    -0.124275     0.482398       -1.85195       3.85862
48.9   -0.119302    -3.32754    -0.119369     0.482557       -1.85346       3.88978
50.4   -0.114697    -3.38362    -0.114759     0.482707       -1.85499       3.91999
51.9   -0.110364    -3.4381    -0.110422     0.482846       -1.85649       3.94932
53.4   -0.106282    -3.49108    -0.106337     0.482978       -1.85805       3.97781
54.9   -0.102433    -3.54264    -0.102484     0.483101       -1.85962       4.00551
56.4   -0.0987972    -3.59285    -0.098845     0.483217       -1.86112       4.03247
57.9   -0.0953603    -3.64178    -0.0954053     0.483327       -1.86268       4.05872
59.4   -0.0921076    -3.6895    -0.09215     0.48343       -1.86416       4.08429
60.9   -0.0890259    -3.73607    -0.0890659     0.483529       -1.86569       4.10923
62.4   -0.0861033    -3.78155    -0.0861411     0.483622       -1.8672       4.13357
63.9   -0.0833287    -3.82598    -0.0833645     0.48371       -1.86863       4.15732
65.4   -0.0806923    -3.86941    -0.0807263     0.483794       -1.8701       4.18052
66.9   -0.0781848    -3.9119    -0.078217     0.483874       -1.87154       4.2032
68.4   -0.0757978    -3.95347    -0.0758284     0.483951       -1.87291       4.22537
69.9   -0.0735235    -3.99417    -0.0735526     0.484024       -1.87431       4.24707
71.4   -0.0713548    -4.03404    -0.0713826     0.484094       -1.87569       4.2683
72.9   -0.0692851    -4.0731    -0.0693116     0.48416       -1.87699       4.28909
74.4   -0.0673084    -4.1114    -0.0673338     0.484224       -1.87831       4.30946
75.9   -0.0654191    -4.14896    -0.0654433     0.484285       -1.87961       4.32942
77.4   -0.063612    -4.18581    -0.0636351     0.484344       -1.88085       4.34899
78.9   -0.0618822    -4.22197    -0.0619044     0.484401       -1.8821       4.36818
80.4   -0.0602254    -4.25748    -0.0602466     0.484455       -1.88328       4.38701
81.9   -0.0586373    -4.29235    -0.0586577     0.484507       -1.88449       4.4055
83.4   -0.0571142    -4.32662    -0.0571338     0.484557       -1.88567       4.42365
84.9   -0.0556525    -4.36029    -0.0556713     0.484606       -1.88679       4.44147
86.4   -0.0542488    -4.39339    -0.0542669     0.484652       -1.88793       4.45899
87.9   -0.0529    -4.42594    -0.0529175     0.484697       -1.88905       4.4762
89.4   -0.0516034    -4.45796    -0.0516202     0.484741       -1.8901       4.49312
90.9   -0.050356    -4.48947    -0.0503722     0.484783       -1.89118       4.50976
92.4   -0.0491555    -4.52047    -0.0491711     0.484823       -1.89219       4.52613
93.9   -0.0479994    -4.55099    -0.0480145     0.484863       -1.89323       4.54223
95.4   -0.0468855    -4.58105    -0.0469001     0.484901       -1.89424       4.55808
96.9   -0.0458118    -4.61065    -0.0458259     0.484937       -1.8952       4.57368
98.4   -0.0447763    -4.63981    -0.0447899     0.484973       -1.89618       4.58904
99.9   -0.0437771    -4.66855    -0.0437903     0.485007       -1.89714       4.60417
101.4   -0.0428126    -4.69687    -0.0428253     0.485041       -1.89804       4.61907
102.9   -0.0418811    -4.72479    -0.0418934     0.485073       -1.89897       4.63376
104.4   -0.040981    -4.75231    -0.040993     0.485105       -1.89987       4.64823
105.9   -0.0401111    -4.77946    -0.0401227     0.485136       -1.90073       4.6625
107.4   -0.0392698    -4.80624    -0.0392811     0.485165       -1.90161       4.67656
108.9   -0.038456    -4.83266    -0.0384669     0.485194       -1.90243       4.69043
110.4   -0.0376683    -4.85872    -0.0376789     0.485223       -1.90328       4.70411
111.9   -0.0369058    -4.88445    -0.0369161     0.48525       -1.90411       4.71761
113.4   -0.0361672    -4.90984    -0.0361772     0.485277       -1.90489       4.73092
114.9   -0.0354516    -4.93492    -0.0354613     0.485303       -1.90569       4.74406
116.4   -0.0347581    -4.95967    -0.0347675     0.485328       -1.90647       4.75703
117.9   -0.0340856    -4.98412    -0.0340948     0.485353       -1.90722       4.76984
119.4   -0.0334333    -5.00827    -0.0334422     0.485377       -1.90798       4.78248
120.9   -0.0328004    -5.03213    -0.0328091     0.4854       -1.90872       4.79496
122.4   -0.0321862    -5.0557    -0.0321947     0.485423       -1.90943       4.80729
123.9   -0.0315899    -5.07899    -0.0315981     0.485445       -1.91015       4.81947
125.4   -0.0310107    -5.10201    -0.0310187     0.485467       -1.91086       4.83151
126.9   -0.030448    -5.12477    -0.0304559     0.485488       -1.91153       4.8434
128.4   -0.0299012    -5.14727    -0.0299089     0.485509       -1.91222       4.85515
129.9   -0.0293697    -5.16951    -0.0293772     0.485529       -1.91287       4.86676
131.4   -0.0288529    -5.1915    -0.0288602     0.485549       -1.91353       4.87825
132.9   -0.0283502    -5.21325    -0.0283573     0.485568       -1.91418       4.8896
134.4   -0.0278611    -5.23477    -0.0278681     0.485587       -1.9148       4.90082
135.9   -0.0273852    -5.25605    -0.0273919     0.485606       -1.91544       4.91192
137.4   -0.0269219    -5.27711    -0.0269285     0.485624       -1.91606       4.9229
138.9   -0.0264707    -5.29794    -0.0264772     0.485641       -1.91665       4.93375
140.4   -0.0260314    -5.31856    -0.0260377     0.485659       -1.91725       4.9445
141.9   -0.0256033    -5.33896    -0.0256095     0.485676       -1.91785       4.95512
143.4   -0.0251862    -5.35916    -0.0251923     0.485692       -1.91841       4.96564
144.9   -0.0247797    -5.37915    -0.0247856     0.485708       -1.91899       4.97604
146.4   -0.0243834    -5.39894    -0.0243892     0.485724       -1.91953       4.98634
147.9   -0.0239969    -5.41854    -0.0240026     0.48574       -1.92009       4.99654
149.4   -0.02362    -5.43794    -0.0236255     0.485755       -1.92065       5.00663
150.9   -0.0232523    -5.45715    -0.0232577     0.48577       -1.92117       5.01662
152.4   -0.0228934    -5.47618    -0.0228988     0.485785       -1.9217       5.02651
153.9   -0.0225432    -5.49503    -0.0225484     0.485799       -1.92223       5.0363
155.4   -0.0222013    -5.5137    -0.0222064     0.485814       -1.92273       5.046
156.9   -0.0218675    -5.53219    -0.0218725     0.485827       -1.92325       5.05561
158.4   -0.0215415    -5.55052    -0.0215464     0.485841       -1.92375       5.06512
